Bin Capacity: 100
70
68
33
55
56
51
25
73
68
30
78
38
25
38
25
48
43
68
61
55
65
60
75
66
21
34
80
24
22
34
30
29
65
49
40
29
48
27
67
45
77
36
56
69
41
40
39
23
42
47
69
46
75
30
41
25
30
50
37
32
47
48
51
46
50
35
41
62
70
32
75
45
51
22
35
61
59
49
24
80
41
54
51
33
34
41
35
72
47
23
39
25
59
49
37
69
31
73
35
37
45
70
42
24
48
77
43
72
67
67
30
52
41
38
22
25
34
22
49
51
39
54
46
58
54
26
55
30
42
28
67
67
74
23
20
34
66
32
22
64
51
80
73
22
60
28
23
46
50
35
31
40
43
23
41
62
33
62
77
25
48
46
65
60
71
39
67
44
74
77
59
30
58
69
56
46
33
60
20
60
60
64
39
71
57
73
76
46
46
63
29
44
29
64
78
76
29
35
58
68
35
57
23
20
51
33
58
52
56
33
32
70
77
62
78
79
21
49
51
67
80
54
78
62
75
33
58
31
76
77
20
54
71
78
31
76
20
35
80
62
59
78
26
73
74
58
47
31
77
38
68
67
27
73
35
34
49
35
44
32
53
28
34
52
70
56
80
29
73
49
66
69
27
49
77
49
51
60
45
77
31
49
54
69
79
54
61
69
59
28
27
35
43
21
61
29
54
69
35
30
