Bin Capacity: 150
4
21
16
25
22
78
45
75
58
55
17
29
26
10
51
89
2
56
36
54
5
48
27
0
90
91
24
80
70
91
58
2
13
65
23
67
87
71
81
56
47
27
3
58
37
64
82
79
53
91
21
24
12
89
45
82
99
12
11
13
63
79
22
97
11
87
87
29
61
3
92
69
7
96
18
85
90
47
54
28
37
59
26
92
92
10
16
4
48
2
94
93
38
89
11
51
96
48
8
65
51
78
10
91
89
23
82
11
14
98
49
8
68
57
75
59
81
51
28
90
8
44
31
54
86
65
9
21
99
99
41
6
63
92
57
76
81
12
98
60
58
56
45
62
94
32
41
90
21
60
35
57
61
97
44
59
7
79
2
47
50
30
62
7
94
46
9
25
82
7
25
75
77
69
22
9
10
99
19
44
35
35
32
79
34
28
38
7
69
6
31
41
27
58
94
80
44
99
67
52
5
13
91
69
21
17
20
20
98
28
48
4
2
61
52
42
76
57
49
21
66
82
87
66
48
84
65
1
48
85
7
45
86
70
33
22
54
54
66
63
64
19
45
88
58
70
43
46
86
6
61
48
69
21
81
61
71
3
58
83
26
100
64
57
98
48
21
17
76
0
65
54
25
2
38
87
29
44
23
67
84
93
26
65
13
38
79
41
63
40
83
60
69
50
30
50
47
44
97
24
55
66
35
100
91
20
14
46
71
74
68
13
59
89
18
69
10
22
35
27
62
51
54
21
56
10
45
39
56
96
24
79
44
31
11
65
75
57
61
14
72
46
54
69
100
84
0
24
70
29
100
89
63
80
51
0
51
20
78
1
59
64
2
59
38
44
36
29
89
86
21
98
56
44
55
77
30
62
62
69
15
52
7
27
66
95
41
18
64
15
56
86
78
22
51
88
43
66
75
17
58
99
61
36
50
10
44
19
55
61
78
0
97
39
94
41
21
35
40
58
8
100
60
38
86
27
79
45
81
100
29
9
16
5
47
58
77
75
5
65
96
32
8
68
38
31
11
82
95
6
3
47
71
39
35
86
58
75
51
94
7
1
16
80
30
51
46
75
40
5
81
87
98
100
9
10
23
2
9
50
69
73
31
100
7
2
98
20
71
13
40
62
56
61
50
78
40
2
76
58
