Bin Capacity: 100
79
32
54
56
37
28
65
44
57
53
70
21
57
27
46
50
43
59
47
79
31
53
62
79
34
24
54
62
37
62
65
35
36
60
74
37
22
64
79
26
52
69
68
58
55
36
40
33
61
62
74
58
79
23
80
43
51
72
61
42
30
26
78
68
55
29
36
58
37
25
20
59
25
71
27
29
24
64
25
76
80
25
60
29
62
28
65
30
21
46
22
31
47
55
25
59
55
48
20
40
28
62
26
24
20
33
45
78
65
32
29
55
65
40
57
71
69
61
73
41
73
60
27
44
29
42
73
34
68
59
72
66
62
63
31
42
55
63
77
55
72
77
45
28
21
76
78
71
46
29
27
58
80
78
65
60
32
72
28
54
65
35
44
22
44
50
30
26
74
52
76
35
50
33
26
62
52
36
59
46
70
51
80
52
80
44
49
23
26
70
72
77
72
35
20
63
71
64
56
73
43
35
61
41
68
77
52
78
22
31
63
46
36
52
41
25
27
61
40
38
37
39
65
78
50
66
39
41
58
76
41
25
21
31
58
35
20
23
71
39
31
30
65
51
31
23
23
61
28
44
25
72
23
54
53
31
67
46
26
80
24
38
67
76
49
70
68
53
33
20
28
54
39
78
78
35
47
48
45
45
52
76
68
23
68
34
68
72
33
45
77
33
53
22
44
29
43
35
38
22
