Bin Capacity: 150
28
58
51
22
24
77
20
70
31
53
73
76
70
20
64
61
32
63
50
57
58
42
29
45
58
27
30
30
40
64
68
43
42
64
75
31
50
57
69
25
43
64
32
42
21
67
76
53
53
62
32
64
30
41
31
28
51
67
64
31
49
26
42
22
53
60
35
80
58
65
56
52
40
68
26
70
23
57
63
79
34
39
68
63
29
62
77
42
80
52
74
64
25
56
29
68
60
68
77
36
29
32
22
25
30
38
48
60
58
38
52
58
37
36
60
61
35
76
54
66
32
25
62
75
72
49
51
69
75
59
78
34
77
42
65
57
78
21
50
27
36
28
74
29
70
38
22
74
41
41
43
27
70
63
29
71
36
34
70
20
31
70
50
22
29
45
71
32
51
37
65
31
76
42
32
42
73
74
57
20
44
66
65
28
23
34
57
67
72
41
53
63
79
22
32
54
27
71
74
69
